Sample	0	1	2	3	4	5	6	7	8	9	10	11	12	13	14	15	16	17	18	19	20	21
SRR25680444	(18, 23770.0)	(19, 23315.0)	(20, 27528.0)	(21, 50117.0)	(22, 97590.0)	(23, 61066.0)	(24, 42336.0)	(25, 42363.0)	(26, 67242.0)	(27, 53694.0)	(28, 45790.0)	(29, 61372.0)	(30, 107831.0)	(31, 629492.0)	(32, 8750225.0)	(33, 77955.0)	(34, 19917.0)	(35, 16188.0)	(36, 22837.0)	(37, 12670.0)	(38, 8553.0)	(39, 12369.0)
SRR25680445	(18, 26297.0)	(19, 23879.0)	(20, 30686.0)	(21, 56216.0)	(22, 85258.0)	(23, 57004.0)	(24, 29914.0)	(25, 31650.0)	(26, 29685.0)	(27, 18240.0)	(28, 18319.0)	(29, 24023.0)	(30, 55814.0)	(31, 416774.0)	(32, 9287974.0)	(33, 109696.0)	(34, 12879.0)	(35, 11758.0)	(36, 12819.0)	(37, 7264.0)	(38, 2072.0)	(39, 2857.0)
SRR25680446	(18, 19039.0)	(19, 27908.0)	(20, 57238.0)	(21, 82855.0)	(22, 155438.0)	(23, 107064.0)	(24, 90631.0)	(25, 121741.0)	(26, 134581.0)	(27, 125034.0)	(28, 207444.0)	(29, 377338.0)	(30, 1425610.0)	(31, 3590310.0)	(32, 2963506.0)	(33, 240324.0)	(34, 103283.0)	(35, 59867.0)	(36, 90391.0)	(37, 62810.0)	(38, 17592.0)	(39, 22153.0)
SRR25680447	(18, 31416.0)	(19, 54017.0)	(20, 234656.0)	(21, 60733.0)	(22, 330553.0)	(23, 134571.0)	(24, 82176.0)	(25, 42733.0)	(26, 32586.0)	(27, 24616.0)	(28, 40831.0)	(29, 121525.0)	(30, 751773.0)	(31, 7548486.0)	(32, 6635492.0)	(33, 625788.0)	(34, 132383.0)	(35, 71484.0)	(36, 63596.0)	(37, 32741.0)	(38, 6570.0)	(39, 6454.0)
SRR25680448	(18, 80154.0)	(19, 74902.0)	(20, 116218.0)	(21, 159749.0)	(22, 240793.0)	(23, 164268.0)	(24, 109648.0)	(25, 99277.0)	(26, 129679.0)	(27, 97855.0)	(28, 112286.0)	(29, 165440.0)	(30, 289839.0)	(31, 1495266.0)	(32, 5879412.0)	(33, 163077.0)	(34, 53439.0)	(35, 42857.0)	(36, 81826.0)	(37, 36531.0)	(38, 21186.0)	(39, 33741.0)
SRR25680449	(18, 19466.0)	(19, 16013.0)	(20, 19867.0)	(21, 26582.0)	(22, 44371.0)	(23, 48839.0)	(24, 31826.0)	(25, 37023.0)	(26, 69210.0)	(27, 44499.0)	(28, 75022.0)	(29, 150751.0)	(30, 240057.0)	(31, 1154453.0)	(32, 7533300.0)	(33, 98362.0)	(34, 31286.0)	(35, 29245.0)	(36, 41967.0)	(37, 24342.0)	(38, 14042.0)	(39, 21242.0)
SRR25680450	(18, 3549.0)	(19, 6086.0)	(20, 28963.0)	(21, 30654.0)	(22, 87289.0)	(23, 35864.0)	(24, 26288.0)	(25, 31490.0)	(26, 29573.0)	(27, 28016.0)	(28, 63987.0)	(29, 295516.0)	(30, 2023516.0)	(31, 5739303.0)	(32, 1663246.0)	(33, 214908.0)	(34, 51982.0)	(35, 52279.0)	(36, 45425.0)	(37, 38933.0)	(38, 6380.0)	(39, 5589.0)
SRR25680451	(18, 6320.0)	(19, 5802.0)	(20, 7944.0)	(21, 17216.0)	(22, 39116.0)	(23, 28514.0)	(24, 18895.0)	(25, 19269.0)	(26, 38089.0)	(27, 26909.0)	(28, 52997.0)	(29, 150224.0)	(30, 279655.0)	(31, 1820097.0)	(32, 7079375.0)	(33, 75930.0)	(34, 36112.0)	(35, 33413.0)	(36, 50161.0)	(37, 31854.0)	(38, 22435.0)	(39, 24986.0)
SRR25680452	(18, 38015.0)	(19, 28032.0)	(20, 69380.0)	(21, 320886.0)	(22, 1070236.0)	(23, 446010.0)	(24, 226219.0)	(25, 76111.0)	(26, 89394.0)	(27, 62895.0)	(28, 71282.0)	(29, 86261.0)	(30, 161319.0)	(31, 1410411.0)	(32, 26546444.0)	(33, 1475813.0)	(34, 144113.0)	(35, 44243.0)	(36, 517552.0)	(37, 299800.0)	(38, 77298.0)	(39, 101585.0)
SRR25680453	(18, 49878.0)	(19, 58926.0)	(20, 98797.0)	(21, 97709.0)	(22, 143408.0)	(23, 210478.0)	(24, 182075.0)	(25, 204038.0)	(26, 196510.0)	(27, 238855.0)	(28, 343897.0)	(29, 399673.0)	(30, 702007.0)	(31, 1620033.0)	(32, 652876.0)	(33, 381456.0)	(34, 491275.0)	(35, 328791.0)	(36, 388174.0)	(37, 600812.0)	(38, 260752.0)	(39, 282176.0)
SRR25680454	(18, 45654.0)	(19, 48038.0)	(20, 63711.0)	(21, 82687.0)	(22, 134300.0)	(23, 203414.0)	(24, 153242.0)	(25, 204270.0)	(26, 498297.0)	(27, 288578.0)	(28, 385940.0)	(29, 617399.0)	(30, 1968006.0)	(31, 2128271.0)	(32, 2393860.0)	(33, 276990.0)	(34, 175754.0)	(35, 140050.0)	(36, 114109.0)	(37, 103819.0)	(38, 88219.0)	(39, 83745.0)
SRR25680455	(18, 2795.0)	(19, 4077.0)	(20, 15344.0)	(21, 17716.0)	(22, 49281.0)	(23, 19526.0)	(24, 13675.0)	(25, 15160.0)	(26, 13916.0)	(27, 15196.0)	(28, 39685.0)	(29, 218990.0)	(30, 1790802.0)	(31, 5726894.0)	(32, 1439483.0)	(33, 203012.0)	(34, 52169.0)	(35, 54640.0)	(36, 46454.0)	(37, 39812.0)	(38, 6659.0)	(39, 5475.0)
SRR25680456	(18, 69750.0)	(19, 59630.0)	(20, 75421.0)	(21, 162528.0)	(22, 224891.0)	(23, 193962.0)	(24, 77107.0)	(25, 72402.0)	(26, 153926.0)	(27, 70926.0)	(28, 125102.0)	(29, 284063.0)	(30, 352327.0)	(31, 1255925.0)	(32, 6414477.0)	(33, 129149.0)	(34, 49971.0)	(35, 46920.0)	(36, 31921.0)	(37, 15918.0)	(38, 9576.0)	(39, 11194.0)
SRR25680457	(18, 169460.0)	(19, 175213.0)	(20, 200814.0)	(21, 302232.0)	(22, 418667.0)	(23, 281608.0)	(24, 213884.0)	(25, 194328.0)	(26, 207533.0)	(27, 177031.0)	(28, 185404.0)	(29, 201745.0)	(30, 212373.0)	(31, 723457.0)	(32, 5425496.0)	(33, 145317.0)	(34, 66781.0)	(35, 48921.0)	(36, 47770.0)	(37, 32762.0)	(38, 21175.0)	(39, 18770.0)
SRR25680458	(18, 163584.0)	(19, 110477.0)	(20, 272786.0)	(21, 2317921.0)	(22, 1165788.0)	(23, 762818.0)	(24, 223627.0)	(25, 208690.0)	(26, 425608.0)	(27, 232585.0)	(28, 274760.0)	(29, 376586.0)	(30, 231348.0)	(31, 1539990.0)	(32, 537902.0)	(33, 263516.0)	(34, 96154.0)	(35, 83360.0)	(36, 96559.0)	(37, 56250.0)	(38, 39888.0)	(39, 40169.0)
SRR25680459	(18, 8532.0)	(19, 7650.0)	(20, 10001.0)	(21, 21127.0)	(22, 36302.0)	(23, 28102.0)	(24, 15470.0)	(25, 17991.0)	(26, 53823.0)	(27, 26281.0)	(28, 49600.0)	(29, 150753.0)	(30, 220725.0)	(31, 1848884.0)	(32, 7218679.0)	(33, 64159.0)	(34, 28173.0)	(35, 22118.0)	(36, 27066.0)	(37, 16301.0)	(38, 13586.0)	(39, 13324.0)
SRR25680460	(18, 35282.0)	(19, 30280.0)	(20, 53172.0)	(21, 295798.0)	(22, 503960.0)	(23, 143242.0)	(24, 70221.0)	(25, 61880.0)	(26, 172112.0)	(27, 63234.0)	(28, 102029.0)	(29, 504499.0)	(30, 4747653.0)	(31, 13535853.0)	(32, 2430222.0)	(33, 141837.0)	(34, 41445.0)	(35, 24663.0)	(36, 34505.0)	(37, 29657.0)	(38, 17713.0)	(39, 57466.0)
