Sample	0	1	2	3	4	5	6	7	8	9	10	11	12	13	14	15
SRR25680461_clean	(15, 1176.0)	(16, 6227.0)	(17, 1782.0)	(18, 138968.0)	(19, 131726.0)	(20, 312840.0)	(21, 847274.0)	(22, 1291655.0)	(23, 481479.0)	(24, 170700.0)	(25, 161606.0)	(26, 111711.0)	(27, 100479.0)	(28, 128615.0)	(29, 204160.0)	(30, 713567.0)
SRR25680462_clean	(15, 676.0)	(16, 2929.0)	(17, 377.0)	(18, 168488.0)	(19, 180065.0)	(20, 281937.0)	(21, 1024296.0)	(22, 1083805.0)	(23, 762686.0)	(24, 259167.0)	(25, 277917.0)	(26, 197634.0)	(27, 181286.0)	(28, 216598.0)	(29, 208469.0)	(30, 274509.0)
SRR25680463_clean	(15, 6787.0)	(16, 48325.0)	(17, 23061.0)	(18, 50832.0)	(19, 44153.0)	(20, 64951.0)	(21, 176815.0)	(22, 219906.0)	(23, 121114.0)	(24, 82596.0)	(25, 91087.0)	(26, 90523.0)	(27, 85158.0)	(28, 104461.0)	(29, 134141.0)	(30, 200980.0)
SRR25680465_clean	(15, 19.0)	(16, 269.0)	(17, 1044.0)	(18, 40174.0)	(19, 75211.0)	(20, 163725.0)	(21, 264520.0)	(22, 304646.0)	(23, 215064.0)	(24, 222851.0)	(25, 340532.0)	(26, 255938.0)	(27, 282747.0)	(28, 416759.0)	(29, 534447.0)	(30, 1353101.0)
SRR25680466_clean	(15, 5203.0)	(16, 7784.0)	(17, 3645.0)	(18, 95250.0)	(19, 109958.0)	(20, 212245.0)	(21, 884986.0)	(22, 953186.0)	(23, 529305.0)	(24, 233160.0)	(25, 260487.0)	(26, 249391.0)	(27, 241754.0)	(28, 304915.0)	(29, 371548.0)	(30, 788924.0)
SRR25680467_clean	(15, 1634.0)	(16, 10072.0)	(17, 4010.0)	(18, 301167.0)	(19, 308288.0)	(20, 403547.0)	(21, 763025.0)	(22, 1375706.0)	(23, 623743.0)	(24, 354486.0)	(25, 321570.0)	(26, 286698.0)	(27, 216331.0)	(28, 209251.0)	(29, 177760.0)	(30, 206812.0)
SRR25680468_clean	(15, 1164.0)	(16, 3637.0)	(17, 1527.0)	(18, 296684.0)	(19, 321818.0)	(20, 393255.0)	(21, 482616.0)	(22, 578113.0)	(23, 383633.0)	(24, 304058.0)	(25, 305328.0)	(26, 246040.0)	(27, 197059.0)	(28, 203780.0)	(29, 254355.0)	(30, 653441.0)
SRR25680469_clean	(15, 850.0)	(16, 1143.0)	(17, 949.0)	(18, 286510.0)	(19, 305600.0)	(20, 389416.0)	(21, 492066.0)	(22, 1091130.0)	(23, 580525.0)	(24, 439512.0)	(25, 409328.0)	(26, 361275.0)	(27, 364540.0)	(28, 513749.0)	(29, 382791.0)	(30, 329341.0)
SRR25680470_clean	(15, 4122.0)	(16, 14386.0)	(17, 2740.0)	(18, 74934.0)	(19, 91422.0)	(20, 159854.0)	(21, 266824.0)	(22, 434164.0)	(23, 339477.0)	(24, 445894.0)	(25, 582501.0)	(26, 482758.0)	(27, 447702.0)	(28, 605233.0)	(29, 710921.0)	(30, 1107252.0)
SRR25680471_clean	(15, 4717.0)	(16, 25000.0)	(17, 4426.0)	(18, 17187.0)	(19, 25678.0)	(20, 41683.0)	(21, 72514.0)	(22, 129376.0)	(23, 188177.0)	(24, 260757.0)	(25, 416504.0)	(26, 566945.0)	(27, 643689.0)	(28, 754546.0)	(29, 836099.0)	(30, 933638.0)
SRR25680472_clean	(15, 55635.0)	(16, 342628.0)	(17, 115677.0)	(18, 22044.0)	(19, 24055.0)	(20, 40369.0)	(21, 60309.0)	(22, 103363.0)	(23, 93338.0)	(24, 96277.0)	(25, 137935.0)	(26, 149002.0)	(27, 197605.0)	(28, 342011.0)	(29, 468547.0)	(30, 1002789.0)
SRR25680473_clean	(15, 45624.0)	(16, 311681.0)	(17, 114031.0)	(18, 14618.0)	(19, 14241.0)	(20, 32955.0)	(21, 117456.0)	(22, 158309.0)	(23, 166555.0)	(24, 47629.0)	(25, 62081.0)	(26, 59631.0)	(27, 68140.0)	(28, 111048.0)	(29, 245480.0)	(30, 1055003.0)
SRR25680474_clean	(15, 4738.0)	(16, 19368.0)	(17, 6510.0)	(18, 169881.0)	(19, 289202.0)	(20, 406685.0)	(21, 708387.0)	(22, 736376.0)	(23, 627860.0)	(24, 380131.0)	(25, 297934.0)	(26, 264650.0)	(27, 201938.0)	(28, 255661.0)	(29, 301631.0)	(30, 733786.0)
SRR25680475_clean	(15, 1005.0)	(16, 2063.0)	(17, 1211.0)	(18, 394469.0)	(19, 435958.0)	(20, 526288.0)	(21, 673475.0)	(22, 786813.0)	(23, 674709.0)	(24, 709314.0)	(25, 656111.0)	(26, 521050.0)	(27, 418608.0)	(28, 419642.0)	(29, 387517.0)	(30, 375031.0)
SRR25680476_clean	(15, 90.0)	(16, 990.0)	(17, 387.0)	(18, 20112.0)	(19, 19432.0)	(20, 25922.0)	(21, 47344.0)	(22, 91680.0)	(23, 53439.0)	(24, 38741.0)	(25, 34185.0)	(26, 33500.0)	(27, 32103.0)	(28, 33768.0)	(29, 39026.0)	(30, 83210.0)
SRR25680477_clean	(15, 15732.0)	(16, 119973.0)	(17, 59262.0)	(18, 72486.0)	(19, 109324.0)	(20, 139071.0)	(21, 190675.0)	(22, 441521.0)	(23, 326825.0)	(24, 187286.0)	(25, 181712.0)	(26, 182193.0)	(27, 199682.0)	(28, 229202.0)	(29, 321711.0)	(30, 744666.0)
SRR25680478_clean	(15, 28675.0)	(16, 235574.0)	(17, 117884.0)	(18, 44420.0)	(19, 41267.0)	(20, 65220.0)	(21, 91102.0)	(22, 144711.0)	(23, 107218.0)	(24, 111407.0)	(25, 143939.0)	(26, 149293.0)	(27, 166708.0)	(28, 218158.0)	(29, 300033.0)	(30, 543453.0)
